
-1756,-1068,-379,-25,365,1402,2833,3120,3383
-335,43,420,639,923,1720,2817,3059,3328
61,61,61,61,61,32,22,22,22
5360,5055,4820,4656,4442,4225,4006,3839,3672,3505,3283,3062,2844,2653,2450,2225,2138,2003,1880,1774,1760,1739,1705,1670,1625,1551,1439,1311,1110,484,7,-205,-418,-541,-640,-682,-721,-802,-854,-938,-957,-965,-953,-933,-912,-894,-876,-859,-788,-718,-647,-623,-607,-599,-596,-589,-567,-555,-525,-506,-486
912,1032,1118,1170,1221,1256,1276,1284,1293,1301,1321,1357,1410,1464,1521,1586,1615,1674,1757,1859,1870,1870,1849,1823,1795,1758,1706,1623,1474,997,645,508,384,312,253,225,193,117,78,26,10,-9,-29,-49,-60,-62,-58,-50,-2,46,94,114,133,154,166,176,190,191,187,191,201
22,22,22,22,22,22,22,22,22,22,22,22,22,22,22,22,22,23,26,32,32,32,31,29,25,22,22,22,28,53,61,61,61,61,61,61,61,62,64,71,71,71,69,64,61,61,61,61,61,61,61,61,61,61,61,61,61,61,61,61,61
-681,-704,-724,-755,-808,-941,-1040,-1055,-1087,-1080,-1071,-1045,-1005,-890,-814,-751,-690,-593,-449,-315,-148,-13,506,1239,1295,1351,1406,1453,1509,1592,1622,1631,1627,1626,1626,1439,1251
502,482,439,420,425,357,302,294,252,196,181,173,191,241,262,279,303,350,422,496,595,685,1075,1638,1684,1731,1783,1842,1911,1984,2012,2044,2055,2055,2055,2298,2542
61,61,61,61,61,61,61,61,64,71,71,71,71,63,61,61,61,61,61,61,61,61,52,22,22,22,22,22,24,31,32,32,32,32,32,24,22
-1766,-1078,-390,-36,352,1389,2820,3106,3367
-317,61,439,657,940,1737,2834,3075,3342
61,61,61,61,61,32,22,22,22
1258,1483,1628,1628,1629,1640,1664,1701,1752,1826,1907,1962,2049,2142,2224,2292,2553,2813,3098,3358
2547,2254,2065,2064,2063,2052,2051,2067,2107,2155,2192,2214,2268,2331,2392,2442,2643,2843,3084,3350
22,24,32,32,32,32,32,32,32,24,22,22,22,22,22,22,22,22,22,22
3392,3150,2834,2568,2298,2164,2071,2015,1968,1916,1837,1796,1782,1777,1783,1936,2157,2239,2543,2848,3174,3506,3756,4007,4473,4923,5144,5365
3320,3068,2802,2598,2389,2282,2204,2151,2091,2025,1956,1924,1910,1881,1867,1726,1621,1593,1507,1422,1349,1313,1300,1288,1227,1094,1010,926
22,22,22,22,22,22,22,22,22,24,31,32,32,32,32,24,22,22,22,22,22,22,22,22,22,22,22,22
1682,1668,1652,1643,1635,1633,1627,1621,1600,1580,1515,1460,1412,1345,1334,1333,1330,1325,1326,1343,1570,1785,1903,2021,2036,2054,2053,2048,2044,2041,2032,1973,1910,1830,1758,1722,1686,1680,1673,1672,1678,1678,1677,1693,1725,1738,1754,1763,1771,1772,1778,1785,1813,1840,1906,1961,2004,2055,2056,2058,2062,2061,2043,1926,1812,1612,1388,1353,1355,1360,1364,1364,1384,1461,1522,1599,1670,1695,1720,1726,1733,1734,1728,1728,1728,1712,1682
1983,1995,2000,2004,2011,2010,2002,1996,1980,1964,1906,1838,1778,1716,1707,1707,1704,1700,1700,1712,1887,2052,2143,2234,2246,2260,2262,2259,2256,2253,2246,2212,2185,2149,2101,2073,2046,2043,2040,2039,2029,2018,2005,1980,1940,1928,1922,1919,1912,1912,1920,1926,1947,1968,2027,2096,2151,2200,2200,2203,2206,2207,2193,2104,2017,1862,1690,1663,1661,1665,1667,1668,1682,1729,1755,1791,1838,1857,1876,1879,1882,1883,1893,1904,1917,1943,1983
32,32,32,32,32,32,32,32,32,32,24,22,22,22,22,22,22,22,22,22,22,22,22,22,22,22,22,22,22,22,22,22,22,24,32,32,32,32,32,32,32,32,32,32,32,32,32,32,32,32,32,32,32,32,24,22,22,22,22,22,22,22,22,22,22,22,22,22,22,22,22,22,22,22,22,24,32,32,32,32,32,32,32,32,32,32,32
1670,1666,1655,1644,1640,1644,1655,1666,1670
2024,2034,2039,2034,2024,2013,2009,2013,2024
32,32,32,32,32,32,32,32,32
1766,1762,1751,1741,1736,1741,1751,1762,1766
1899,1909,1914,1909,1899,1888,1884,1888,1899
32,32,32,32,32,32,32,32,32
-481,-481,-481,-510,-494,-348,-203,49,300,358,416,437,464,488,519,538,557,581
193,193,192,142,80,-146,-372,-762,-1153,-1243,-1333,-1362,-1402,-1432,-1438,-1443,-1448,-1447
61,61,61,61,61,61,61,61,61,61,61,61,61,61,61,61,61,61
1467,1100,733,716,672,617,561,527,475,446,454,438,416,393,364,338,324,302,289,35,-218,-313,-407,-430,-457,-478,-496,-509,-521,-574,-640,-728,-817,-834,-852,-878,-915,-949,-965,-978,-1005,-1041,-1093,-1161,-1232,-1296,-1357,-1412,-1487,-1513,-1590,-1690,-1750
-2987,-2417,-1848,-1825,-1774,-1696,-1615,-1571,-1556,-1508,-1458,-1426,-1389,-1349,-1302,-1258,-1233,-1182,-1160,-766,-373,-226,-80,-49,-22,0,24,44,64,98,83,22,-38,-49,-61,-74,-73,-56,-35,-23,-13,-28,-56,-85,-104,-121,-145,-171,-207,-220,-260,-313,-346
61,61,61,61,61,61,61,61,61,61,61,61,61,61,61,61,61,61,61,61,61,61,61,61,61,61,61,61,61,61,61,61,61,61,61,61,62,67,71,71,71,71,71,64,61,61,61,61,61,61,61,61,61
1478,1111,744,674,580,567,570,578,598
-2980,-2410,-1841,-1731,-1580,-1548,-1516,-1477,-1456
61,61,61,61,61,61,61,61,61
-1038,-1051,-1068,-1076,-1083,-1084,-1091,-1122,-1144,-1218,-1283,-1339,-1402,-1415,-1429,-1429,-1433,-1438,-1438,-1437,-1423,-1401,-1345,-1255,-1050,-906,-749,-630,-631,-637,-641,-642,-664,-748,-812,-894,-972,-999,-1027,-1033,-1041,-1042,-1037,-1040,-1041,-1030,-1011,-994,-979,-970,-963,-961,-955,-925,-829,-764,-707,-644,-631,-619,-618,-617,-612,-607,-608,-609,-728,-846,-1050,-1358,-1413,-1415,-1416,-1416,-1416,-1415,-1414,-1410,-1405,-1405,-1405,-1382,-1360,-1298,-1234,-1152,-1075,-1048,-1019,-1012,-1005,-1004,-1008,-1006,-1004,-1018,-1038
97,116,126,130,139,139,132,114,101,53,-5,-58,-101,-109,-116,-116,-119,-122,-123,-122,-115,-103,-72,-23,90,169,255,321,323,320,319,318,307,272,255,231,196,181,166,163,162,161,152,139,121,99,64,40,32,27,19,19,26,44,105,164,216,260,267,275,275,274,277,280,281,281,216,151,39,-130,-161,-162,-162,-163,-164,-165,-165,-163,-160,-160,-159,-148,-138,-114,-96,-73,-38,-23,-8,-5,-4,-3,8,19,32,61,97
71,71,71,71,71,71,71,71,71,64,61,61,61,61,61,61,61,61,61,61,61,61,61,61,61,61,61,61,61,61,61,61,61,61,61,64,71,71,71,71,71,71,71,71,71,71,71,71,71,71,71,71,71,71,63,61,61,61,61,61,61,61,61,61,61,61,61,61,61,61,61,61,61,61,61,61,61,61,61,61,61,61,61,61,61,64,71,71,71,71,71,71,71,71,71,71,71
-1772,-1648,-1540,-1473,-1407,-1344,-1289,-1223,-1129,-1094,-1083,-1084,-1091,-1102,-1059,-1044,-949,-819,-802,-811,-830,-845,-864,-878,-889,-903,-907,-910,-983,-1056,-1478,-2025,-2475,-2925
-307,-237,-175,-135,-95,-51,0,60,119,141,160,175,190,254,307,316,367,444,494,517,544,566,600,637,664,690,695,701,814,927,1398,1713,1886,2058
61,61,61,61,61,61,61,64,71,71,71,71,71,64,61,61,61,61,61,61,61,61,61,61,61,61,61,61,61,61,61,61,61,61
-1046,-1050,-1061,-1071,-1076,-1071,-1061,-1050,-1046
148,159,163,159,148,137,133,137,148
71,71,71,71,71,71,71,71,71
-970,-974,-985,-995,-1000,-995,-985,-974,-970
10,20,25,20,10,-1,-5,-1,10
71,71,71,71,71,71,71,71,71
-2920,-2470,-2020,-1469,-1045,-925,-806,-802,-799,-799,-800,-797,-794,-746,-686,-686,-685
2070,1898,1726,1408,934,749,564,558,553,551,550,545,541,505,510,510,510
61,61,61,61,61,61,61,61,61,61,61,61,61,61,61,61,61
559,544,509,473,459,473,509,544,559
-1503,-1467,-1453,-1467,-1503,-1538,-1553,-1538,-1503
61,61,61,61,61,61,61,61,61
-730,-739,-760,-781,-790,-781,-760,-739,-730
464,485,494,485,464,442,434,442,464
61,61,61,61,61,61,61,61,61
-526,-535,-556,-578,-586,-578,-556,-535,-526
147,168,177,168,147,126,117,126,147
61,61,61,61,61,61,61,61,61
