771,562,0,103,688,896,170,771
-1760,-1920,-1048,-451,0,-269,-828,-1760
0,0,0,0,0,0,0,0
1685,2551,1556,1038,1003,896,172,771,1250,1685
-1963,-1299,-4,-404,-409,-269,-826,-1760,-1393,-1963
0,0,0,0,0,0,0,0,0,0
2007,2193,2380,2389,2388,2356,2324,2321,2337,2356,2374,2383,2378,2271,2164
-1694,-1551,-1408,-1394,-1378,-1302,-1225,-1194,-1168,-1152,-1137,-1121,-1103,-964,-825
0,0,0,0,0,0,0,0,0,0,0,0,0,0,0
2392,2400,2385,2367,2349,2339,2340,2372,2404,2406,2391
-1092,-1123,-1151,-1166,-1182,-1199,-1218,-1295,-1371,-1399,-1422
0,0,0,0,0,0,0,0,0,0,0
1975,1986,2013,2282,2551,2365,2178,2125,2070,2012,1952,1949,1947,1941,1931,1928,1928,1957,1974,1976,1977,1981,1990,2015,2024,2014,1988,1978,1975
-1513,-1614,-1712,-1505,-1299,-1056,-813,-855,-893,-928,-959,-962,-966,-979,-990,-995,-1000,-1150,-1302,-1332,-1362,-1374,-1381,-1404,-1437,-1470,-1492,-1501,-1513
0,0,0,0,0,0,0,0,0,0,0,0,0,0,0,0,0,0,0,0,0,0,0,0,0,0,0,0,0
